1034541
912649
1184918
933260
698687
889737
945961
335983
533535
580489
179387
1196470
420634
1022789
519182
354912
976734
917496
663712
1079091
3933
1029235
1063877
721173
1051896
978796
976734
1159311
86328
616446
1125510
9479
231001
1149912
1100782
957452
573435
824003
929563
1010581
592695
1144962
1354627
991610
1079485
823219
826510
1087822
1047373
1091181
1371727
1145491
726139
1226578
1359227
1249532
639720
1059264
482600
1329336
1320786
1011985
814889
845781
1075676
603692
748783
783110
198663
653346
1357459
14836
1114513
1064028
365177
916192
475557
323260
1364082
1308546
120
823464
762441
507241
4011
1025596
929590
390159
718821
940551
587727
72808
877817
588648
1156212
7451
832964
558449
1215162
4247
1148172
931944
1241982
1147710
173705
634649
1029281
1012201
786892
1129598
901060
1358947
974262
569094
1244880
385687
346698
646097
1219685
1160018
299536
4232
827931
671
831815
1264429
1210794
1207898
278
10439
1337309
882598
238
829557
1216191
1207830
938614
673
1064213
567811
1308821
1362101
1032823
411
150540
1139095
414906
228326
948
1022796
1122504
1147400
667538
949484
693134
1141182
1047020
1186532
157336
1231818
1066262
360778
360776
939243
138843
502356
843527
835113
1064213
1156593
122917
1358752
923667
983044
748230
273477
1371440
672
787699
1118031
315162
1010161
863873
1139817
1104844
585
216015
674
840705
507086
1134424
1140648
122
1255017
1111873
1147416
1225377
1209290
437342
1186947
76600
1151949
259872
24428
646385
46848
675353
1262983
1024127
827931
260346
1008042
609681
1218193
799583
155
1190868
976573
597
474350
1100099
934433
704239
1287717
1236419
1262299
58
697251
1190586
8681
1369595
808
975022
98
22
1030076
424139
1014214
1089123
630240
872585
496243
348
937278
293660
259693
1088563
1010600
1331344
1174618
610253
4248
1029575
402431
642885
1072790
940721
8966
370663
694
269149
23202
102382
568124
1359867
1023922
1317218
1048241
13194
767
438631
1140168
1094974
561
402431
1128941
361743
507089
1062215
346364
177572
436969
2062
1371350
646683
967847
616820
5492
862
9552
1865
866398
1331375
2907
259693
447365
1255616
1049574
575264
299534
299534
1329912
550
1311550
387824
10198
8587
12153
746036
424
675
1054561
829560
968051
129
807339
12445
453395
1014661
18785
585083
619264
2082
601796
508883
396535
1291559
50620
420818
1200674
106646
438695
1241748
12155
72190
1094138
19995
429617
10191
99861
10195
572802
377
12444
315635
102651
1337395
10192
682075
893723
121
1044741
566525
980489
118
280180
298618
1042657
707610
11688
11688
970347
959092
1362961
13
38757
1029955
27205
680
1096197
285
869291
76341
1052280
101
1241752
351523
324857
335984
109445
27066
1930
493922
1008953
1196263
447332
1041613
559
603
280
637649
1073125
324786
9806
447277
588228
762509
150689
713704
228150
2758
1281826
792307
10020
1306764
943344
14160
1106739
4258
10144
10193
809
766507
1184371
299054
1167366
615656
557
18239
863
1239251
156022
50619
10138
481084
1012148
539972
807
24021
634492
11036
804616
1096342
955555
745
1026999
505642
260514
969492
1059064
1152624
49013
20352
12
926393
23398
383498
1115729
438148
496450
76492
141052
6466
14258
520763
1364324
397243
118249
47971
4257
966576
240
419430
1134754
296349
91314
1005076
158015
109418
773621
772
337167
1124
372921
41446
4488
10625
272
244786
49051
818647
959429
1091267
1298238
530385
1726
372058
22705
974635
4256
214756
1062807
755679
38365
1248753
162
748167
1051891
614933
14324
1086747
718014
1130053
1365141
1214509
296096
321612
218
82507
238636
11324
27098
838209
1255208
851644
425
436270
602223
521029
1241320
210577
184345
529203
39254
384018
270303
439079
337404
616037
429
1282138
10014
11
678512
791373
473924
9297
442249
1284004
10764
62214
1003596
310131
1026436
635302
10225
758323
985939
271110
763215
1139566
333167
49026
1254234
330457
243688
990140
105
126889
901362
979250
1014505
249397
22683
760104
594767
1014590
1091
36239
4935
454626
147441
131631
176
1008409
205596
24150
769
106
630586
614479
1016346
1159799
753342
9323
103
50014
1373893
729165
9502
263115
537915
209112
820525
37165
1369
73723
467244
76617
2668
1127166
679
1094009
639721
497698
10681
247136
508947
620
1122618
1155089
9820
111
1075794
934632
527774
8839
956842
7340
13186
2667
360920
695721
23437
959098
930600
592831
978035
585511
1115396
82023
10140
8871
9373
102899
531219
666035
489430
348893
1209288
82675
316727
16859
10066
370172
284053
4233
1139713
284054
1049948
72545
927342
1184773
1208808
7182
466420
6466
497
950526
10674
932086
512200
38700
1029330
1094844
49018
981063
55580
630
1155058
1291594
718930
137578
956964
254128
425909
313369
1190469
856289
4234
891699
829402
459003
1359
1028703
1071215
335988
604
489
166426
1026227
324552
107257
82702
297761
711978
1364638
400155
335797
508442
508442
953
1076364
87101
260513
11969
9495
37799
35
441168
2105
677179
168259
98566
10229
28468
779816
759923
951491
335977
350
39108
481871
8920
408
1112426
50270
937287
840326
1331072
23823
539
1017163
68726
1145291
10112
458156
77174
857
704673
1303599
1402
564
440
112160
232672
647245
984324
524434
276907
390845
45243
4348
739547
1139829
810693
1020896
30497
61979
613504
613504
359724
1734
442062
1108427
1018
345940
360773
810
290098
1241742
338953
508943
257344
405775
6977
884605
1019420
974453
1154864
242224
900667
560016
10607
624091
135397
345887
1051560
294254
976830
427169
8363
34433
1209770
11281
697843
615173
9792
1119106
257445
257445
974576
1579
240832
868759
744275
70981
11357
345
9348
507411
9732
57158
1085046
610150
836225
185664
854
239241
6477
1221404
93456
286687
1024721
495764
38
600
197158
1027073
614930
19913
10830
581528
119450
207
1105407
86331
30827
16869
76338
76338
1138194
32629
62177
166428
1094556
578
1047041
1201734
1303236
820232
1108566
988078
1171462
1227624
1087388
675445
1949
1337402
459151
2322
1309923
284052
1151534
77338
10585
339846
948549
301528
57214
581726
159824
173129
13207
8922
476669
1173558
68721
1239146
670292
882569
317442
11224
250546
624860
653
420809
1422
629542
142
9880
7131
281338
460458
127585
550988
71672
270946
10781
460229
460229
1149913
114
10096
848326
1115623
9487
2048
756999
920
297
1369598
346910
8355
626332
1017633
522938
44214
1093995
165612
18
10555
575265
307081
242
1263421
62211
196867
37135
1108354
1257926
1002088
126963
109439
466272
1209217
339403
9532
9902
640146
640146
351286
146233
1311031
1011082
46195
82690
140300
7214
9737
949423
49046
512195
262500
1284157
936621
615
744276
136799
49444
257088
920342
812
1015724
9392
1025463
949
72105
293863
546554
218746
6844
257211
140607
11442
615777
10184
78
699172
10676
10676
1166073
73861
141
534
13461
19994
456740
138832
1320637
493529
935271
930094
335
303857
570670
389
336843
652
9023
